244 246 246 246 245 245 246  71  71 243 238 242 244 245 246 246
246 255 255 255   0 239 236 228 229 229 219   0 248 253 255 255
246 255 255   0 253 251 236 228 229 229 228 238   0 253 255 255
246 255   0 255 253 251 236 228 230 230 229 238 248   0 255 255
245   0 253 253 252 250 236 230 231 231 230 238 247 252   0 253
245 240 251 251 250 248 238 232 233 233 232 239 246 250 239 251
246 236 236 236 236 238 247 250 250 250 250 246 239 236 236 240
 67 228 228 228 230 232 250 255 255 255 255 247 235 230 229  67
 67 229 229 230 231 233 250 255 255 255 255 247 236 232 229  71
243 229 229 230 231 233 250 255 255 255 255 247 236 231 229 235
238 219 228 229 230 232 250 255 255 255 255 247 235 231 220 229
242   0 238 238 238 239 246 247 247 247 247 245 240 238   0 237
244 248   0 248 247 246 239 235 236 236 235 240 244   0 248 248
245 253 253   0 252 250 236 230 232 231 231 238   0 252 253 253
246 255 255 255   0 239 236 229 229 229 220   0 248 253 255 255
246 255 255 255 253 251 240  67  71 234 229 237 248 253 255 255
244 246 246 246 245 245 246  71  71 243 238 242 244 245 246 246
246 255 255 255   0 239 236 228 229 229 219   0 248 253 255 255
246 255 255   0 253 251 236 228 229 229 228 238   0 253 255 255
246 255   0 255 253 251 236 228 230 230 229 238 248   0 255 255
245   0 253 253 252 250 236 230 231 231 230 238 247 252   0 253
245 240 251 251 250 248 238 232 233 233 232 239 246 250 239 251
246 236 236 236 236 238 247 250 250 250 250 246 239 236 236 240
 67 228 228 228 230 232 250 255 255 255 255 247 235 230 229  67
 67 229 229 230 231 233 250 255 255 255 255 247 236 232 229  71
243 229 229 230 231 233 250 255 255 255 255 247 236 231 229 235
238 219 228 229 230 232 250 255 255 255 255 247 235 231 220 229
242   0 238 238 238 239 246 247 247 247 247 245 240 238   0 237
244 248   0 248 247 246 239 235 236 236 235 240 244   0 248 248
245 253 253   0 252 250 236 230 232 231 231 238   0 252 253 253
246 255 255 255   0 239 236 229 229 229 220   0 248 253 255 255
246 255 255 255 253 251 240  67  71 234 229 237 248 253 255 255
244 246 246 246 245 245 246  71  71 243 238 242 244 245 246 246
246 255 255 255   0 239 236 228 229 229 219   0 248 253 255 255
246 255 255   0 253 251 236 228 229 229 228 238   0 253 255 255
246 255   0 255 253 251 236 228 230 230 229 238 248   0 255 255
245   0 253 253 252 250 236 230 231 231 230 238 247 252   0 253
245 240 251 251 250 248 238 232 233 233 232 239 246 250 239 251
246 236 236 236 236 238 247 250 250 250 250 246 239 236 236 240
 67 228 228 228 230 232 250 255 255 255 255 247 235 230 229  67
 67 229 229 230 231 233 250 255 255 255 255 247 236 232 229  71
243 229 229 230 231 233 250 255 255 255 255 247 236 231 229 235
238 219 228 229 230 232 250 255 255 255 255 247 235 231 220 229
242   0 238 238 238 239 246 247 247 247 247 245 240 238   0 237
244 248   0 248 247 246 239 235 236 236 235 240 244   0 248 248
245 253 253   0 252 250 236 230 232 231 231 238   0 252 253 253
246 255 255 255   0 239 236 229 229 229 220   0 248 253 255 255
246 255 255 255 253 251 240  67  71 234 229 237 248 253 255 255

241 241 241 241 240 195 149 137 137 149 194 240 241 241 241 241
241 241 240 208  92 139 235 241 241 237 141  90 206 241 241 241
241 241 208  98 241 240 241 241 240 241 241 241 104 204 241 241
240 209  96 241 240 238 240 241 240 239 240 244 242 104 206 241
239  93 243 243 240 239 240 241 240 239 240 243 244 241  90 240
198 133 241 240 241 241 241 241 241 241 241 240 240 241 140 194
149 236 239 239 241 242 242 241 241 242 241 239 239 241 237 149
138 241 240 240 241 241 241 241 241 241 241 240 240 240 241 137
137 241 241 242 241 240 241 241 241 241 241 241 241 241 241 137
149 235 240 240 241 242 242 241 241 242 241 240 240 241 235 149
199 131 238 239 241 242 242 240 241 242 241 239 238 240 138 195
240  95 240 240 241 241 241 241 241 241 241 240 240 241  92 240
240 211  90 241 240 239 240 242 240 239 240 243 241  98 208 241
240 241 213  90 240 238 240 241 240 239 241 243  96 207 240 241
241 241 241 211  95 131 235 241 241 236 133  93 209 241 241 241
241 241 240 240 240 199 149 137 137 149 198 239 240 241 241 241
241 241 241 241 240 195 149 137 137 149 194 240 241 241 241 241
241 241 240 208  92 139 235 241 241 237 141  90 206 241 241 241
241 241 208  98 241 240 241 241 240 241 241 241 104 204 241 241
240 209  96 241 240 238 240 241 240 239 240 244 242 104 206 241
239  93 243 243 240 239 240 241 240 239 240 243 244 241  90 240
198 133 241 240 241 241 241 241 241 241 241 240 240 241 140 194
149 236 239 239 241 242 242 241 241 242 241 239 239 241 237 149
138 241 240 240 241 241 241 241 241 241 241 240 240 240 241 137
137 241 241 242 241 240 241 241 241 241 241 241 241 241 241 137
149 235 240 240 241 242 242 241 241 242 241 240 240 241 235 149
199 131 238 239 241 242 242 240 241 242 241 239 238 240 138 195
240  95 240 240 241 241 241 241 241 241 241 240 240 241  92 240
240 211  90 241 240 239 240 242 240 239 240 243 241  98 208 241
240 241 213  90 240 238 240 241 240 239 241 243  96 207 240 241
241 241 241 211  95 131 235 241 241 236 133  93 209 241 241 241
241 241 240 240 240 199 149 137 137 149 198 239 240 241 241 241
241 241 241 241 240 195 149 137 137 149 194 240 241 241 241 241
241 241 240 208  92 139 235 241 241 237 141  90 206 241 241 241
241 241 208  98 241 240 241 241 240 241 241 241 104 204 241 241
240 209  96 241 240 238 240 241 240 239 240 244 242 104 206 241
239  93 243 243 240 239 240 241 240 239 240 243 244 241  90 240
198 133 241 240 241 241 241 241 241 241 241 240 240 241 140 194
149 236 239 239 241 242 242 241 241 242 241 239 239 241 237 149
138 241 240 240 241 241 241 241 241 241 241 240 240 240 241 137
137 241 241 242 241 240 241 241 241 241 241 241 241 241 241 137
149 235 240 240 241 242 242 241 241 242 241 240 240 241 235 149
199 131 238 239 241 242 242 240 241 242 241 239 238 240 138 195
240  95 240 240 241 241 241 241 241 241 241 240 240 241  92 240
240 211  90 241 240 239 240 242 240 239 240 243 241  98 208 241
240 241 213  90 240 238 240 241 240 239 241 243  96 207 240 241
241 241 241 211  95 131 235 241 241 236 133  93 209 241 241 241
241 241 240 240 240 199 149 137 137 149 198 239 240 241 241 241

241 241 241 241 240 194 149 137 137 149 195 240 241 241 241 241
241 241 241 206  90 140 237 241 241 235 138  92 208 240 241 241
241 241 204 104 241 241 241 240 241 241 240 241  98 207 241 241
241 206 104 242 244 240 239 240 241 240 238 240 241  96 209 240
240  90 241 244 243 240 239 240 241 240 239 240 243 243  93 239
194 141 241 240 240 241 241 241 241 241 241 241 240 241 133 198
149 237 241 239 239 241 242 241 241 242 242 241 239 239 236 149
137 241 240 240 240 241 241 241 241 241 241 241 240 240 241 137
137 241 241 241 241 241 241 241 241 241 240 241 242 241 241 137
149 235 241 240 240 241 242 241 241 242 242 241 240 240 235 149
195 139 240 238 239 241 242 241 240 242 242 241 239 238 131 199
240  92 241 240 240 241 241 241 241 241 241 241 240 240  95 240
241 208  98 241 243 240 239 240 242 240 239 240 241  90 211 240
241 240 208  96 243 241 239 240 241 240 238 240  90 213 241 240
241 241 241 209  93 133 236 241 241 235 131  95 211 241 241 241
241 241 241 240 239 198 149 138 137 149 199 240 240 240 241 241
241 241 241 241 240 194 149 137 137 149 195 240 241 241 241 241
241 241 241 206  90 140 237 241 241 235 138  92 208 240 241 241
241 241 204 104 241 241 241 240 241 241 240 241  98 207 241 241
241 206 104 242 244 240 239 240 241 240 238 240 241  96 209 240
240  90 241 244 243 240 239 240 241 240 239 240 243 243  93 239
194 141 241 240 240 241 241 241 241 241 241 241 240 241 133 198
149 237 241 239 239 241 242 241 241 242 242 241 239 239 236 149
137 241 240 240 240 241 241 241 241 241 241 241 240 240 241 137
137 241 241 241 241 241 241 241 241 241 240 241 242 241 241 137
149 235 241 240 240 241 242 241 241 242 242 241 240 240 235 149
195 139 240 238 239 241 242 241 240 242 242 241 239 238 131 199
240  92 241 240 240 241 241 241 241 241 241 241 240 240  95 240
241 208  98 241 243 240 239 240 242 240 239 240 241  90 211 240
241 240 208  96 243 241 239 240 241 240 238 240  90 213 241 240
241 241 241 209  93 133 236 241 241 235 131  95 211 241 241 241
241 241 241 240 239 198 149 138 137 149 199 240 240 240 241 241
241 241 241 241 240 194 149 137 137 149 195 240 241 241 241 241
241 241 241 206  90 140 237 241 241 235 138  92 208 240 241 241
241 241 204 104 241 241 241 240 241 241 240 241  98 207 241 241
241 206 104 242 244 240 239 240 241 240 238 240 241  96 209 240
240  90 241 244 243 240 239 240 241 240 239 240 243 243  93 239
194 141 241 240 240 241 241 241 241 241 241 241 240 241 133 198
149 237 241 239 239 241 242 241 241 242 242 241 239 239 236 149
137 241 240 240 240 241 241 241 241 241 241 241 240 240 241 137
137 241 241 241 241 241 241 241 241 241 240 241 242 241 241 137
149 235 241 240 240 241 242 241 241 242 242 241 240 240 235 149
195 139 240 238 239 241 242 241 240 242 242 241 239 238 131 199
240  92 241 240 240 241 241 241 241 241 241 241 240 240  95 240
241 208  98 241 243 240 239 240 242 240 239 240 241  90 211 240
241 240 208  96 243 241 239 240 241 240 238 240  90 213 241 240
241 241 241 209  93 133 236 241 241 235 131  95 211 241 241 241
241 241 241 240 239 198 149 138 137 149 199 240 240 240 241 241

241 241 241 240 239 198 149 137 137 149 199 240 240 240 241 241
241 241 241 209  93 133 236 241 241 235 131  95 211 241 241 241
241 240 207  96 243 241 239 240 241 240 238 240  90 213 241 240
241 208  98 241 243 240 239 240 242 240 239 240 241  90 211 240
240  92 241 240 240 241 241 241 241 241 241 241 240 240  95 240
195 138 240 238 239 241 242 241 240 242 242 241 239 238 131 199
149 235 241 240 240 241 242 241 241 242 242 241 240 240 235 149
137 241 241 241 241 241 241 241 241 241 240 241 242 241 241 137
137 241 240 240 240 241 241 241 241 241 241 241 240 240 241 138
149 237 241 239 239 241 242 241 241 242 242 241 239 239 236 149
194 140 241 240 240 241 241 241 241 241 241 241 240 241 133 198
240  90 241 244 243 240 239 240 241 240 239 240 243 243  93 239
241 206 104 242 244 240 239 240 241 240 238 240 241  96 209 240
241 241 204 104 241 241 241 240 241 241 240 241  98 208 241 241
241 241 241 206  90 141 237 241 241 235 139  92 208 240 241 241
241 241 241 241 240 194 149 137 137 149 195 240 241 241 241 241
241 241 241 240 239 198 149 137 137 149 199 240 240 240 241 241
241 241 241 209  93 133 236 241 241 235 131  95 211 241 241 241
241 240 207  96 243 241 239 240 241 240 238 240  90 213 241 240
241 208  98 241 243 240 239 240 242 240 239 240 241  90 211 240
240  92 241 240 240 241 241 241 241 241 241 241 240 240  95 240
195 138 240 238 239 241 242 241 240 242 242 241 239 238 131 199
149 235 241 240 240 241 242 241 241 242 242 241 240 240 235 149
137 241 241 241 241 241 241 241 241 241 240 241 242 241 241 137
137 241 240 240 240 241 241 241 241 241 241 241 240 240 241 138
149 237 241 239 239 241 242 241 241 242 242 241 239 239 236 149
194 140 241 240 240 241 241 241 241 241 241 241 240 241 133 198
240  90 241 244 243 240 239 240 241 240 239 240 243 243  93 239
241 206 104 242 244 240 239 240 241 240 238 240 241  96 209 240
241 241 204 104 241 241 241 240 241 241 240 241  98 208 241 241
241 241 241 206  90 141 237 241 241 235 139  92 208 240 241 241
241 241 241 241 240 194 149 137 137 149 195 240 241 241 241 241
241 241 241 240 239 198 149 137 137 149 199 240 240 240 241 241
241 241 241 209  93 133 236 241 241 235 131  95 211 241 241 241
241 240 207  96 243 241 239 240 241 240 238 240  90 213 241 240
241 208  98 241 243 240 239 240 242 240 239 240 241  90 211 240
240  92 241 240 240 241 241 241 241 241 241 241 240 240  95 240
195 138 240 238 239 241 242 241 240 242 242 241 239 238 131 199
149 235 241 240 240 241 242 241 241 242 242 241 240 240 235 149
137 241 241 241 241 241 241 241 241 241 240 241 242 241 241 137
137 241 240 240 240 241 241 241 241 241 241 241 240 240 241 138
149 237 241 239 239 241 242 241 241 242 242 241 239 239 236 149
194 140 241 240 240 241 241 241 241 241 241 241 240 241 133 198
240  90 241 244 243 240 239 240 241 240 239 240 243 243  93 239
241 206 104 242 244 240 239 240 241 240 238 240 241  96 209 240
241 241 204 104 241 241 241 240 241 241 240 241  98 208 241 241
241 241 241 206  90 141 237 241 241 235 139  92 208 240 241 241
241 241 241 241 240 194 149 137 137 149 195 240 241 241 241 241
